140.0 340.0
135.0 315.0
135.0 290.0
133.0 256.0
130.0 231.0
140.0 198.0
167.0 175.0
199.0 151.0
229.0 128.0
261.0 108.0
294.0 90.0
334.0 84.0
371.0 92.0
403.0 98.0
446.0 106.0
480.0 110.0
515.0 119.0
552.0 127.0
140.0 340.0
598.0 136.0
631.0 148.0
655.0 174.0
678.0 208.0
687.0 245.0
674.0 281.0
634.0 307.0
601.0 338.0
560.0 375.0
514.0 375.0
140.0 340.0
140.0 340.0
484.0 355.0
457.0 337.0
429.0 321.0
410.0 301.0
383.0 288.0
351.0 278.0
315.0 284.0
290.0 306.0
260.0 343.0
258.0 368.0
258.0 406.0
257.0 443.0
258.0 481.0
256.0 524.0
269.0 572.0
305.0 606.0
350.0 602.0
400.0 611.0
453.0 608.0
516.0 610.0
